1749401948914 5.370086069268862 0
1749401949279 6.336044899923993 0
1749401949794 5.617650247001616 0
1749401954698 5.357490752366866 0
1749401957111 5.4431408201543805 0
1749401965770 5.354695072530291 0
1749401974024 5.363707729018604 0
1749401974902 5.4646431328121015 0
1749401980104 5.410518705423984 0
1749401984289 5.3633599989832135 0
1749401987570 5.335419588556921 0
1749401990209 5.484068016681342 0
1749401991106 5.538069949003994 0
1749401994119 5.37159585587677 0
1749401998921 5.355041749098929 0
